25
17
281
362
133
285
370
102
105
470
388
104
251
370
48
337
375
171
141
494
66
35
21
286
234
246
444
301
371
255
339
325
144
6
302
38
353
446
375
415
186
78
457
55
157
292
137
360
21
473
71
64
428
110
250
299
86
128
18
18
75
14
326
178
335
461
474
440
36
398
65
208
127
89
138
50
125
412
72
181
234
332
158
88
380
147
499
172
125
370
439
69
486
123
75
358
47
263
213
90
188
144
286
62
368
487
226
420
374
124
473
340
356
277
403
359
454
461
460
354
494
279
49
407
2
289
272
286
197
386
332
10
96
240
429
152
64
113
117
288
30
137
152
152
58
137
398
45
328
287
230
471
138
194
293
469
87
328
86
442
415
432
441
136
346
190
483
280
76
227
489
241
481
176
313
244
431
436
482
261
130
495
210
224
85
125
86
11
262
400
235
84
457
4
243
216
304
373
350
379
55
466
332
418
192
465
35
172
405
203
243
366
245
161
181
400
329
71
286
183
25
476
474
9
462
240
181
37
268
34
197
260
349
290
204
385
300
306
307
468
153
402
88
376
422
118
393
425
192
493
357
429
455
459
4
401
459
8
333
362
41
483
5
179
48
252
69
117
106
83
438
40
16
8
108
435
299
333
407
247
56
328
112
381
151
309
251
154
400
38
282
449
279
452
45
150
235
335
371
85
394
336
35
88
321
415
43
488
211
336
35
90
193
184
296
457
63
10
1
119
485
2
22
472
29
455
441
161
490
22
108
419
258
274
460
307
108
151
17
189
4
312
475
416
273
488
363
155
351
499
411
333
297
356
329
300
494
414
409
203
56
174
26
388
409
290
380
431
272
362
335
96
462
396
315
74
202
327
434
254
109
101
275
197
257
44
229
242
281
141
210
267
118
382
302
84
320
396
100
268
210
363
278
137
475
306
346
447
229
384
4
71
170
132
375
188
113
183
239
399
444
396
197
439
500
451
47
31
367
205
303
88
270
103
400
9
495
416
221
106
254
370
228
1
200
219
484
92
357
73
114
78
435
366
395
259
267
489
481
477
231
481
127
73
366
151
316
199
431
324
461
395
32
91
181
422
445
384
479
344
343
351
467
53
286
443
69
174
391
303
159
289
471
118
94
438
306
457
3
485
